---------------------------------
Generation 0:
[0, 0, 0, 0, 1, 1, 1, 1] , Score:  0.001
[1, 0, 1, 1, 0, 0, 0, 0] , Score:  0.001
[1, 1, 1, 0, 1, 0, 0, 0] , Score:  65372.59523809524
[0, 0, 1, 1, 1, 0, 1, 0] , Score:  22265.817204301075
Best result:  1657 , [1, 1, 1, 0, 1, 0, 0, 0]
*******
Choose:  [1, 1, 1, 0, 1, 0, 0, 0] [1, 1, 1, 0, 1, 0, 0, 0]
Cut at: 5
Child:           [1, 1, 1, 0, 1, 0, 0, 0]
After mutation:  [0, 1, 0, 0, 0, 1, 0, 0]
*******
Choose:  [1, 1, 1, 0, 1, 0, 0, 0] [0, 0, 1, 1, 1, 0, 1, 0]
Cut at: 6
Child:           [1, 1, 1, 0, 1, 0, 1, 0]
After mutation:  [0, 1, 1, 0, 0, 1, 0, 1]
*******
Choose:  [1, 1, 1, 0, 1, 0, 0, 0] [0, 0, 1, 1, 1, 0, 1, 0]
Cut at: 4
Child:           [1, 1, 1, 0, 1, 0, 1, 0]
After mutation:  [0, 1, 1, 0, 0, 0, 0, 1]
*******
Choose:  [1, 1, 1, 0, 1, 0, 0, 0] [1, 1, 1, 0, 1, 0, 0, 0]
Cut at: 2
Child:           [1, 1, 1, 0, 1, 0, 0, 0]
After mutation:  [0, 0, 0, 0, 0, 0, 1, 1]
---------------------------------
Generation 1:
[0, 1, 0, 0, 0, 1, 0, 0] , Score:  0.001
[0, 1, 1, 0, 0, 1, 0, 1] , Score:  0.001
[0, 1, 1, 0, 0, 0, 0, 1] , Score:  0.001
[0, 0, 0, 0, 0, 0, 1, 1] , Score:  0.001
Best result:  1657 , [1, 1, 1, 0, 1, 0, 0, 0]
*******
Choose:  [0, 1, 1, 0, 0, 1, 0, 1] [0, 1, 0, 0, 0, 1, 0, 0]
Cut at: 4
Child:           [0, 1, 1, 0, 0, 1, 0, 0]
After mutation:  [1, 0, 1, 1, 1, 1, 1, 1]
*******
Choose:  [0, 0, 0, 0, 0, 0, 1, 1] [0, 1, 1, 0, 0, 1, 0, 1]
Cut at: 6
Child:           [0, 0, 0, 0, 0, 0, 0, 1]
After mutation:  [0, 0, 1, 0, 0, 0, 1, 0]
*******
Choose:  [0, 0, 0, 0, 0, 0, 1, 1] [0, 1, 0, 0, 0, 1, 0, 0]
Cut at: 6
Child:           [0, 0, 0, 0, 0, 0, 0, 0]
After mutation:  [0, 0, 0, 1, 1, 1, 1, 1]
*******
Choose:  [0, 1, 0, 0, 0, 1, 0, 0] [0, 0, 0, 0, 0, 0, 1, 1]
Cut at: 8
Child:           [0, 1, 0, 0, 0, 1, 0, 0]
After mutation:  [1, 1, 1, 0, 1, 0, 1, 1]
---------------------------------
Generation 2:
[1, 0, 1, 1, 1, 1, 1, 1] , Score:  0.001
[0, 0, 1, 0, 0, 0, 1, 0] , Score:  0.001
[0, 0, 0, 1, 1, 1, 1, 1] , Score:  0.001
[1, 1, 1, 0, 1, 0, 1, 1] , Score:  42924.305785123965
Best result:  2279 , [1, 1, 1, 0, 1, 0, 1, 1]